X Y I J H K mass
   813.000    775.000    0.8539    0.8539    0.8539    0.8539   1.000
   804.000    781.000    1.1482    1.1482    1.1482    1.1482   1.000
   790.000    790.000    1.7984    1.7984    1.7984    1.7984   1.000
   799.000    792.000    1.5888    1.5888    1.5888    1.5888   1.000
   803.000    793.000    1.3979    1.3979    1.3979    1.3979   1.000
   793.000    803.000    1.3515    1.3515    1.3515    1.3515   1.000
   795.000    807.000    1.6986    1.6986    1.6986    1.6986   1.000
   819.000    811.000    2.0571    2.0571    2.0571    2.0571   1.000
   819.000    821.000    2.2357    2.2357    2.2357    2.2357   1.000
   780.000    823.000    2.2732    2.2732    2.2732    2.2732   1.000
   840.000    783.000    2.0354    2.0354    2.0354    2.0354   1.000
   842.000    783.000    1.7937    1.7937    1.7937    1.7937   1.000
   857.000    783.000    2.6053    2.6053    2.6053    2.6053   1.000
   839.000    786.000    1.0370    1.0370    1.0370    1.0370   1.000
   845.000    786.000    0.6185    0.6185    0.6185    0.6185   1.000
   845.000    793.000    2.4161    2.4161    2.4161    2.4161   1.000
   853.000    794.000    2.5346    2.5346    2.5346    2.5346   1.000
   856.000    804.000    0.7985    0.7985    0.7985    0.7985   1.000
   865.000    804.000    2.3635    2.3635    2.3635    2.3635   1.000
   887.000    805.000    2.4624    2.4624    2.4624    2.4624   1.000
   882.000    814.000    2.7335    2.7335    2.7335    2.7335   1.000
   868.000    824.000    1.7307    1.7307    1.7307    1.7307   1.000
   907.000    774.000    0.7932    0.7932    0.7932    0.7932   1.000
   923.000    788.000    1.4205    1.4205    1.4205    1.4205   1.000
   912.000    803.000    2.1626    2.1626    2.1626    2.1626   1.000
   946.000    805.000    1.4336    1.4336    1.4336    1.4336   1.000
   952.000    805.000    0.5729    0.5729    0.5729    0.5729   1.000
   912.000    824.000    1.6461    1.6461    1.6461    1.6461   1.000
   902.000    826.000    2.4670    2.4670    2.4670    2.4670   1.000
  1013.000    781.000    1.0886    1.0886    1.0886    1.0886   1.000
  1009.000    782.000    0.8682    0.8682    0.8682    0.8682   1.000
  1005.000    784.000    1.4303    1.4303    1.4303    1.4303   1.000
  1004.000    787.000    2.2761    2.2761    2.2761    2.2761   1.000
   981.000    789.000    1.0067    1.0067    1.0067    1.0067   1.000
  1005.000    789.000    2.4731    2.4731    2.4731    2.4731   1.000
   972.000    798.000    1.2261    1.2261    1.2261    1.2261   1.000
   983.000    804.000    1.0525    1.0525    1.0525    1.0525   1.000
   969.000    806.000    1.7471    1.7471    1.7471    1.7471   1.000
  1006.000    819.000    2.1842    2.1842    2.1842    2.1842   1.000
  1001.000    821.000    1.6096    1.6096    1.6096    1.6096   1.000
  1005.000    821.000    2.1912    2.1912    2.1912    2.1912   1.000
  1004.000    824.000    2.3983    2.3983    2.3983    2.3983   1.000
  1036.000    772.000    2.6825    2.6825    2.6825    2.6825   1.000
  1029.000    779.000    2.5288    2.5288    2.5288    2.5288   1.000
  1032.000    783.000    2.2337    2.2337    2.2337    2.2337   1.000
  1045.000    785.000    0.7986    0.7986    0.7986    0.7986   1.000
  1053.000    789.000    3.2044    3.2044    3.2044    3.2044   1.000
  1042.000    792.000    2.3418    2.3418    2.3418    2.3418   1.000
  1076.000    794.000    1.7221    1.7221    1.7221    1.7221   1.000
  1056.000    795.000    0.8799    0.8799    0.8799    0.8799   1.000
  1028.000    798.000    2.5495    2.5495    2.5495    2.5495   1.000
  1037.000    801.000    2.5429    2.5429    2.5429    2.5429   1.000
  1035.000    802.000    1.9878    1.9878    1.9878    1.9878   1.000
  1028.000    804.000    1.4235    1.4235    1.4235    1.4235   1.000
  1097.000    785.000    1.1148    1.1148    1.1148    1.1148   1.000
  1098.000    790.000    0.9294    0.9294    0.9294    0.9294   1.000
  1134.000    792.000    2.4809    2.4809    2.4809    2.4809   1.000
  1139.000    792.000    1.1042    1.1042    1.1042    1.1042   1.000
  1096.000    801.000    2.4084    2.4084    2.4084    2.4084   1.000
  1134.000    801.000   -0.2429   -0.2429   -0.2429   -0.2429   1.000
  1118.000    808.000    1.5972    1.5972    1.5972    1.5972   1.000
  1141.000    808.000    2.5380    2.5380    2.5380    2.5380   1.000
  1143.000    808.000    2.5390    2.5390    2.5390    2.5390   1.000
  1121.000    814.000    2.3623    2.3623    2.3623    2.3623   1.000
  1135.000    815.000    1.7379    1.7379    1.7379    1.7379   1.000
  1139.000    821.000    1.1005    1.1005    1.1005    1.1005   1.000
  1109.000    822.000    2.7705    2.7705    2.7705    2.7705   1.000
  1141.000    824.000    2.4328    2.4328    2.4328    2.4328   1.000
  1163.000    773.000    1.1599    1.1599    1.1599    1.1599   1.000
  1168.000    774.000    0.2592    0.2592    0.2592    0.2592   1.000
  1186.000    774.000    1.2048    1.2048    1.2048    1.2048   1.000
  1177.000    776.000    1.7900    1.7900    1.7900    1.7900   1.000
  1204.000    782.000    1.6576    1.6576    1.6576    1.6576   1.000
  1191.000    783.000    1.5177    1.5177    1.5177    1.5177   1.000
  1193.000    783.000    2.0803    2.0803    2.0803    2.0803   1.000
  1183.000    787.000    1.6311    1.6311    1.6311    1.6311   1.000
  1183.000    789.000    1.5273    1.5273    1.5273    1.5273   1.000
  1167.000    808.000    2.0354    2.0354    2.0354    2.0354   1.000
  1188.000    817.000    1.0437    1.0437    1.0437    1.0437   1.000
  1228.000    776.000    2.2834    2.2834    2.2834    2.2834   1.000
  1262.000    781.000    0.8538    0.8538    0.8538    0.8538   1.000
  1249.000    787.000    2.1967    2.1967    2.1967    2.1967   1.000
  1271.000    799.000    1.6352    1.6352    1.6352    1.6352   1.000
  1225.000    801.000    2.1803    2.1803    2.1803    2.1803   1.000
  1261.000    801.000    2.1107    2.1107    2.1107    2.1107   1.000
  1257.000    803.000    0.5433    0.5433    0.5433    0.5433   1.000
  1256.000    809.000    2.1375    2.1375    2.1375    2.1375   1.000
  1222.000    817.000    2.2776    2.2776    2.2776    2.2776   1.000
   821.000    850.000    1.4143    1.4143    1.4143    1.4143   1.000
   815.000    859.000    1.6907    1.6907    1.6907    1.6907   1.000
   826.000    866.000    1.3733    1.3733    1.3733    1.3733   1.000
   777.000    871.000    1.2257    1.2257    1.2257    1.2257   1.000
   788.000    875.000    1.9981    1.9981    1.9981    1.9981   1.000
   800.000    882.000    1.9692    1.9692    1.9692    1.9692   1.000
   808.000    887.000    1.7795    1.7795    1.7795    1.7795   1.000
   783.000    891.000   -0.2970   -0.2970   -0.2970   -0.2970   1.000
   872.000    837.000    1.5211    1.5211    1.5211    1.5211   1.000
   869.000    841.000    0.4938    0.4938    0.4938    0.4938   1.000
   878.000    841.000    2.0450    2.0450    2.0450    2.0450   1.000
   854.000    852.000    1.9029    1.9029    1.9029    1.9029   1.000
   866.000    858.000    0.9928    0.9928    0.9928    0.9928   1.000
   872.000    878.000    2.4969    2.4969    2.4969    2.4969   1.000
   845.000    880.000    2.8774    2.8774    2.8774    2.8774   1.000
   866.000    880.000    2.2591    2.2591    2.2591    2.2591   1.000
   851.000    881.000    2.7346    2.7346    2.7346    2.7346   1.000
   845.000    882.000    2.5760    2.5760    2.5760    2.5760   1.000
   870.000    885.000    2.4013    2.4013    2.4013    2.4013   1.000
   885.000    887.000    1.0027    1.0027    1.0027    1.0027   1.000
   859.000    889.000    1.3425    1.3425    1.3425    1.3425   1.000
   913.000    837.000    2.9411    2.9411    2.9411    2.9411   1.000
   929.000    837.000    1.6756    1.6756    1.6756    1.6756   1.000
   955.000    840.000    1.6510    1.6510    1.6510    1.6510   1.000
   914.000    847.000    2.2766    2.2766    2.2766    2.2766   1.000
   909.000    848.000    1.7656    1.7656    1.7656    1.7656   1.000
   900.000    851.000    2.4918    2.4918    2.4918    2.4918   1.000
   923.000    854.000    2.6843    2.6843    2.6843    2.6843   1.000
   939.000    856.000    2.0989    2.0989    2.0989    2.0989   1.000
   929.000    870.000    1.6061    1.6061    1.6061    1.6061   1.000
   929.000    877.000    1.8568    1.8568    1.8568    1.8568   1.000
   903.000    888.000    1.9967    1.9967    1.9967    1.9967   1.000
   950.000    888.000    2.0011    2.0011    2.0011    2.0011   1.000
   967.000    836.000    2.2575    2.2575    2.2575    2.2575   1.000
   968.000    838.000    2.3728    2.3728    2.3728    2.3728   1.000
  1009.000    845.000    0.8850    0.8850    0.8850    0.8850   1.000
   987.000    850.000    2.4018    2.4018    2.4018    2.4018   1.000
   985.000    851.000    2.4239    2.4239    2.4239    2.4239   1.000
   975.000    859.000    1.1307    1.1307    1.1307    1.1307   1.000
   995.000    860.000    1.6347    1.6347    1.6347    1.6347   1.000
  1003.000    864.000    3.0652    3.0652    3.0652    3.0652   1.000
  1007.000    869.000   -0.1391   -0.1391   -0.1391   -0.1391   1.000
  1010.000    879.000    2.2011    2.2011    2.2011    2.2011   1.000
  1007.000    881.000    2.4103    2.4103    2.4103    2.4103   1.000
  1005.000    882.000    2.4021    2.4021    2.4021    2.4021   1.000
  1002.000    884.000    2.1384    2.1384    2.1384    2.1384   1.000
  1003.000    886.000    2.0357    2.0357    2.0357    2.0357   1.000
  1006.000    886.000    1.1272    1.1272    1.1272    1.1272   1.000
   999.000    889.000   -0.2981   -0.2981   -0.2981   -0.2981   1.000
  1056.000    840.000    0.7550    0.7550    0.7550    0.7550   1.000
  1060.000    842.000    3.0097    3.0097    3.0097    3.0097   1.000
  1031.000    845.000    0.2577    0.2577    0.2577    0.2577   1.000
  1077.000    852.000    1.8272    1.8272    1.8272    1.8272   1.000
  1060.000    853.000    1.1345    1.1345    1.1345    1.1345   1.000
  1071.000    857.000    2.4681    2.4681    2.4681    2.4681   1.000
  1058.000    859.000    1.3960    1.3960    1.3960    1.3960   1.000
  1059.000    861.000    1.6090    1.6090    1.6090    1.6090   1.000
  1060.000    864.000    1.4694    1.4694    1.4694    1.4694   1.000
  1046.000    879.000    2.8564    2.8564    2.8564    2.8564   1.000
  1050.000    880.000    1.4414    1.4414    1.4414    1.4414   1.000
  1069.000    883.000    1.3110    1.3110    1.3110    1.3110   1.000
  1073.000    888.000    0.4886    0.4886    0.4886    0.4886   1.000
  1124.000    836.000    1.6639    1.6639    1.6639    1.6639   1.000
  1117.000    839.000   -0.3888   -0.3888   -0.3888   -0.3888   1.000
  1109.000    841.000    1.4343    1.4343    1.4343    1.4343   1.000
  1117.000    845.000    2.3059    2.3059    2.3059    2.3059   1.000
  1106.000    853.000    0.4329    0.4329    0.4329    0.4329   1.000
  1107.000    857.000    1.1805    1.1805    1.1805    1.1805   1.000
  1095.000    864.000    2.3458    2.3458    2.3458    2.3458   1.000
  1095.000    869.000   -0.0455   -0.0455   -0.0455   -0.0455   1.000
  1129.000    871.000    1.5375    1.5375    1.5375    1.5375   1.000
  1108.000    875.000    1.2474    1.2474    1.2474    1.2474   1.000
  1103.000    876.000    1.2282    1.2282    1.2282    1.2282   1.000
  1120.000    876.000    1.6850    1.6850    1.6850    1.6850   1.000
  1129.000    890.000    2.4561    2.4561    2.4561    2.4561   1.000
  1113.000    891.000    2.7843    2.7843    2.7843    2.7843   1.000
  1186.000    839.000    0.9969    0.9969    0.9969    0.9969   1.000
  1162.000    841.000    1.6761    1.6761    1.6761    1.6761   1.000
  1170.000    843.000    1.1451    1.1451    1.1451    1.1451   1.000
  1188.000    844.000    2.4114    2.4114    2.4114    2.4114   1.000
  1192.000    844.000    1.2735    1.2735    1.2735    1.2735   1.000
  1191.000    846.000    1.3750    1.3750    1.3750    1.3750   1.000
  1206.000    849.000    0.8187    0.8187    0.8187    0.8187   1.000
  1164.000    857.000    2.3161    2.3161    2.3161    2.3161   1.000
  1156.000    858.000    1.1021    1.1021    1.1021    1.1021   1.000
  1186.000    875.000    1.2287    1.2287    1.2287    1.2287   1.000
  1169.000    877.000    1.5157    1.5157    1.5157    1.5157   1.000
  1163.000    891.000    2.5446    2.5446    2.5446    2.5446   1.000
  1223.000    845.000    0.9321    0.9321    0.9321    0.9321   1.000
  1253.000    845.000    2.3709    2.3709    2.3709    2.3709   1.000
  1271.000    845.000    1.0388    1.0388    1.0388    1.0388   1.000
  1254.000    848.000    2.4375    2.4375    2.4375    2.4375   1.000
  1221.000    851.000    1.5006    1.5006    1.5006    1.5006   1.000
  1228.000    854.000    1.0292    1.0292    1.0292    1.0292   1.000
  1266.000    855.000    2.2424    2.2424    2.2424    2.2424   1.000
  1223.000    857.000    2.0801    2.0801    2.0801    2.0801   1.000
  1267.000    859.000    2.2811    2.2811    2.2811    2.2811   1.000
  1259.000    861.000    2.7391    2.7391    2.7391    2.7391   1.000
  1252.000    879.000    2.9383    2.9383    2.9383    2.9383   1.000
  1222.000    880.000    1.8616    1.8616    1.8616    1.8616   1.000
  1239.000    888.000    2.6581    2.6581    2.6581    2.6581   1.000
  1266.000    889.000    1.8487    1.8487    1.8487    1.8487   1.000
   807.000    905.000    1.1162    1.1162    1.1162    1.1162   1.000
   785.000    906.000    2.7888    2.7888    2.7888    2.7888   1.000
   792.000    907.000    1.4666    1.4666    1.4666    1.4666   1.000
   807.000    909.000    1.2015    1.2015    1.2015    1.2015   1.000
   818.000    912.000    1.4840    1.4840    1.4840    1.4840   1.000
   782.000    913.000    2.8759    2.8759    2.8759    2.8759   1.000
   792.000    915.000    2.0772    2.0772    2.0772    2.0772   1.000
   804.000    915.000    2.2797    2.2797    2.2797    2.2797   1.000
   803.000    919.000    0.2787    0.2787    0.2787    0.2787   1.000
   809.000    920.000    2.2438    2.2438    2.2438    2.2438   1.000
   786.000    930.000    2.0092    2.0092    2.0092    2.0092   1.000
   797.000    930.000    1.8037    1.8037    1.8037    1.8037   1.000
   798.000    943.000    1.4887    1.4887    1.4887    1.4887   1.000
   827.000    949.000    1.6369    1.6369    1.6369    1.6369   1.000
   780.000    955.000    1.9359    1.9359    1.9359    1.9359   1.000
   848.000    903.000    2.5597    2.5597    2.5597    2.5597   1.000
   850.000    913.000    1.1344    1.1344    1.1344    1.1344   1.000
   857.000    914.000    1.5795    1.5795    1.5795    1.5795   1.000
   872.000    917.000    1.3626    1.3626    1.3626    1.3626   1.000
   877.000    922.000    1.9359    1.9359    1.9359    1.9359   1.000
   878.000    924.000    2.2118    2.2118    2.2118    2.2118   1.000
   886.000    927.000    2.6159    2.6159    2.6159    2.6159   1.000
   878.000    928.000    1.7452    1.7452    1.7452    1.7452   1.000
   885.000    929.000    2.3993    2.3993    2.3993    2.3993   1.000
   883.000    930.000    2.2286    2.2286    2.2286    2.2286   1.000
   839.000    935.000    1.9666    1.9666    1.9666    1.9666   1.000
   867.000    935.000    1.3939    1.3939    1.3939    1.3939   1.000
   841.000    936.000    2.0474    2.0474    2.0474    2.0474   1.000
   888.000    938.000    3.2322    3.2322    3.2322    3.2322   1.000
   838.000    940.000   -0.6381   -0.6381   -0.6381   -0.6381   1.000
   889.000    944.000    1.3802    1.3802    1.3802    1.3802   1.000
   838.000    946.000    2.2521    2.2521    2.2521    2.2521   1.000
   840.000    950.000    0.9644    0.9644    0.9644    0.9644   1.000
   845.000    952.000    2.3880    2.3880    2.3880    2.3880   1.000
   905.000    904.000    2.0447    2.0447    2.0447    2.0447   1.000
   942.000    906.000    1.6142    1.6142    1.6142    1.6142   1.000
   932.000    911.000    2.2321    2.2321    2.2321    2.2321   1.000
   943.000    912.000    0.8071    0.8071    0.8071    0.8071   1.000
   909.000    922.000    2.7246    2.7246    2.7246    2.7246   1.000
   936.000    923.000    2.1671    2.1671    2.1671    2.1671   1.000
   909.000    927.000    0.0757    0.0757    0.0757    0.0757   1.000
   910.000    946.000    1.7196    1.7196    1.7196    1.7196   1.000
   923.000    948.000    2.2566    2.2566    2.2566    2.2566   1.000
   900.000    950.000    2.4048    2.4048    2.4048    2.4048   1.000
   993.000    905.000    1.9381    1.9381    1.9381    1.9381   1.000
   975.000    908.000    2.8443    2.8443    2.8443    2.8443   1.000
   994.000    918.000    1.4590    1.4590    1.4590    1.4590   1.000
   975.000    932.000    2.4899    2.4899    2.4899    2.4899   1.000
   995.000    936.000    2.6850    2.6850    2.6850    2.6850   1.000
   976.000    937.000    2.7415    2.7415    2.7415    2.7415   1.000
   995.000    938.000    2.7118    2.7118    2.7118    2.7118   1.000
   987.000    945.000    1.0055    1.0055    1.0055    1.0055   1.000
   976.000    948.000    2.3266    2.3266    2.3266    2.3266   1.000
  1008.000    948.000    2.8275    2.8275    2.8275    2.8275   1.000
  1019.000    953.000    0.8692    0.8692    0.8692    0.8692   1.000
  1000.000    954.000    1.0857    1.0857    1.0857    1.0857   1.000
  1013.000    954.000    2.4381    2.4381    2.4381    2.4381   1.000
  1040.000    903.000    1.9214    1.9214    1.9214    1.9214   1.000
  1051.000    913.000    2.1015    2.1015    2.1015    2.1015   1.000
  1053.000    916.000    1.8902    1.8902    1.8902    1.8902   1.000
  1040.000    918.000    1.2583    1.2583    1.2583    1.2583   1.000
  1077.000    925.000    2.6706    2.6706    2.6706    2.6706   1.000
  1056.000    927.000    2.7549    2.7549    2.7549    2.7549   1.000
  1067.000    931.000    2.4225    2.4225    2.4225    2.4225   1.000
  1071.000    931.000    2.1503    2.1503    2.1503    2.1503   1.000
  1045.000    936.000    2.4307    2.4307    2.4307    2.4307   1.000
  1063.000    940.000    1.3807    1.3807    1.3807    1.3807   1.000
  1059.000    942.000    2.3666    2.3666    2.3666    2.3666   1.000
  1060.000    947.000    0.9625    0.9625    0.9625    0.9625   1.000
  1093.000    910.000    2.5352    2.5352    2.5352    2.5352   1.000
  1094.000    916.000    0.1392    0.1392    0.1392    0.1392   1.000
  1095.000    922.000    2.5531    2.5531    2.5531    2.5531   1.000
  1126.000    933.000    2.1806    2.1806    2.1806    2.1806   1.000
  1121.000    941.000    1.2901    1.2901    1.2901    1.2901   1.000
  1124.000    945.000    2.0754    2.0754    2.0754    2.0754   1.000
  1129.000    947.000    0.7052    0.7052    0.7052    0.7052   1.000
  1197.000    908.000    1.3577    1.3577    1.3577    1.3577   1.000
  1203.000    908.000    1.5527    1.5527    1.5527    1.5527   1.000
  1208.000    915.000    2.5024    2.5024    2.5024    2.5024   1.000
  1178.000    916.000    2.7977    2.7977    2.7977    2.7977   1.000
  1190.000    920.000    2.7447    2.7447    2.7447    2.7447   1.000
  1186.000    926.000    3.1905    3.1905    3.1905    3.1905   1.000
  1157.000    929.000    2.0548    2.0548    2.0548    2.0548   1.000
  1205.000    930.000    2.1302    2.1302    2.1302    2.1302   1.000
  1192.000    936.000    1.5946    1.5946    1.5946    1.5946   1.000
  1205.000    937.000    2.0435    2.0435    2.0435    2.0435   1.000
  1188.000    940.000    2.4968    2.4968    2.4968    2.4968   1.000
  1187.000    944.000    0.8392    0.8392    0.8392    0.8392   1.000
  1203.000    951.000    1.5776    1.5776    1.5776    1.5776   1.000
  1208.000    953.000    2.4948    2.4948    2.4948    2.4948   1.000
  1198.000    954.000    1.5457    1.5457    1.5457    1.5457   1.000
  1209.000    955.000    2.4325    2.4325    2.4325    2.4325   1.000
  1269.000    904.000    2.3806    2.3806    2.3806    2.3806   1.000
  1266.000    905.000    2.5626    2.5626    2.5626    2.5626   1.000
  1268.000    912.000    1.8450    1.8450    1.8450    1.8450   1.000
  1252.000    915.000    1.0567    1.0567    1.0567    1.0567   1.000
  1265.000    924.000    2.7905    2.7905    2.7905    2.7905   1.000
  1261.000    936.000    2.1243    2.1243    2.1243    2.1243   1.000
  1275.000    936.000    2.4600    2.4600    2.4600    2.4600   1.000
  1231.000    938.000    2.4460    2.4460    2.4460    2.4460   1.000
  1267.000    938.000    1.1539    1.1539    1.1539    1.1539   1.000
  1275.000    938.000    2.8170    2.8170    2.8170    2.8170   1.000
  1232.000    940.000    2.2064    2.2064    2.2064    2.2064   1.000
  1249.000    942.000    2.8132    2.8132    2.8132    2.8132   1.000
  1275.000    945.000    2.1036    2.1036    2.1036    2.1036   1.000
  1226.000    948.000    1.4138    1.4138    1.4138    1.4138   1.000
  1245.000    953.000    0.6183    0.6183    0.6183    0.6183   1.000
  1226.000    954.000    0.6037    0.6037    0.6037    0.6037   1.000
  1259.000    955.000    1.4798    1.4798    1.4798    1.4798   1.000
   796.000    965.000    2.1783    2.1783    2.1783    2.1783   1.000
   823.000    972.000    1.5707    1.5707    1.5707    1.5707   1.000
   783.000    990.000    1.7659    1.7659    1.7659    1.7659   1.000
   805.000    999.000    2.5056    2.5056    2.5056    2.5056   1.000
   804.000   1004.000    2.1579    2.1579    2.1579    2.1579   1.000
   813.000   1013.000    2.0236    2.0236    2.0236    2.0236   1.000
   773.000   1016.000    1.2254    1.2254    1.2254    1.2254   1.000
   823.000   1019.000    1.8605    1.8605    1.8605    1.8605   1.000
   858.000    966.000    2.1013    2.1013    2.1013    2.1013   1.000
   861.000    967.000    2.2288    2.2288    2.2288    2.2288   1.000
   863.000    972.000    0.7044    0.7044    0.7044    0.7044   1.000
   857.000    974.000    0.3103    0.3103    0.3103    0.3103   1.000
   876.000    981.000    1.7179    1.7179    1.7179    1.7179   1.000
   874.000    982.000    1.7907    1.7907    1.7907    1.7907   1.000
   844.000    988.000    2.8129    2.8129    2.8129    2.8129   1.000
   891.000    995.000    2.5144    2.5144    2.5144    2.5144   1.000
   849.000    998.000    2.9467    2.9467    2.9467    2.9467   1.000
   860.000   1005.000    2.0279    2.0279    2.0279    2.0279   1.000
   887.000   1009.000    1.3792    1.3792    1.3792    1.3792   1.000
   844.000   1017.000    1.4235    1.4235    1.4235    1.4235   1.000
   878.000   1017.000    3.1130    3.1130    3.1130    3.1130   1.000
   905.000    964.000    0.1210    0.1210    0.1210    0.1210   1.000
   908.000    968.000    2.5314    2.5314    2.5314    2.5314   1.000
   949.000    968.000    1.4887    1.4887    1.4887    1.4887   1.000
   917.000    972.000    1.4823    1.4823    1.4823    1.4823   1.000
   943.000    975.000    0.7161    0.7161    0.7161    0.7161   1.000
   947.000    975.000    2.6531    2.6531    2.6531    2.6531   1.000
   936.000    985.000    2.2504    2.2504    2.2504    2.2504   1.000
   942.000    989.000    1.9322    1.9322    1.9322    1.9322   1.000
   938.000    992.000    1.3454    1.3454    1.3454    1.3454   1.000
   947.000    992.000    0.7407    0.7407    0.7407    0.7407   1.000
   952.000    994.000    2.9171    2.9171    2.9171    2.9171   1.000
   926.000   1007.000    2.7502    2.7502    2.7502    2.7502   1.000
   921.000   1008.000    1.3903    1.3903    1.3903    1.3903   1.000
  1016.000    965.000    1.9979    1.9979    1.9979    1.9979   1.000
  1000.000    969.000    1.2888    1.2888    1.2888    1.2888   1.000
   997.000    978.000    2.6447    2.6447    2.6447    2.6447   1.000
  1011.000    978.000    2.9567    2.9567    2.9567    2.9567   1.000
  1006.000    979.000    2.9533    2.9533    2.9533    2.9533   1.000
  1017.000    980.000    2.5539    2.5539    2.5539    2.5539   1.000
   997.000    981.000    2.8049    2.8049    2.8049    2.8049   1.000
  1016.000    985.000    1.7423    1.7423    1.7423    1.7423   1.000
  1016.000    988.000    2.7012    2.7012    2.7012    2.7012   1.000
   997.000   1005.000    1.5126    1.5126    1.5126    1.5126   1.000
  1078.000    971.000    2.8730    2.8730    2.8730    2.8730   1.000
  1080.000    975.000    1.8870    1.8870    1.8870    1.8870   1.000
  1075.000    979.000    1.4192    1.4192    1.4192    1.4192   1.000
  1058.000    980.000    1.7236    1.7236    1.7236    1.7236   1.000
  1037.000    984.000    2.6768    2.6768    2.6768    2.6768   1.000
  1036.000    986.000    2.2963    2.2963    2.2963    2.2963   1.000
  1051.000    992.000    2.1695    2.1695    2.1695    2.1695   1.000
  1036.000   1002.000    2.3058    2.3058    2.3058    2.3058   1.000
  1062.000   1013.000    1.0398    1.0398    1.0398    1.0398   1.000
  1042.000   1019.000    1.6869    1.6869    1.6869    1.6869   1.000
  1055.000   1019.000    2.2614    2.2614    2.2614    2.2614   1.000
  1108.000    969.000    1.6034    1.6034    1.6034    1.6034   1.000
  1115.000    980.000    1.1169    1.1169    1.1169    1.1169   1.000
  1111.000    985.000    2.0922    2.0922    2.0922    2.0922   1.000
  1114.000    986.000    1.4348    1.4348    1.4348    1.4348   1.000
  1124.000    994.000    1.7156    1.7156    1.7156    1.7156   1.000
  1128.000    994.000    1.8326    1.8326    1.8326    1.8326   1.000
  1106.000    999.000    3.1807    3.1807    3.1807    3.1807   1.000
  1130.000   1000.000    0.6945    0.6945    0.6945    0.6945   1.000
  1135.000   1001.000    2.6158    2.6158    2.6158    2.6158   1.000
  1125.000   1004.000    2.7778    2.7778    2.7778    2.7778   1.000
  1139.000   1008.000    2.4787    2.4787    2.4787    2.4787   1.000
  1099.000   1012.000    1.4127    1.4127    1.4127    1.4127   1.000
  1119.000   1013.000    0.9555    0.9555    0.9555    0.9555   1.000
  1105.000   1016.000    2.6565    2.6565    2.6565    2.6565   1.000
  1128.000   1016.000    2.5751    2.5751    2.5751    2.5751   1.000
  1126.000   1017.000    2.5837    2.5837    2.5837    2.5837   1.000
  1160.000    967.000    2.4203    2.4203    2.4203    2.4203   1.000
  1207.000    967.000    1.3753    1.3753    1.3753    1.3753   1.000
  1197.000    970.000    1.2837    1.2837    1.2837    1.2837   1.000
  1180.000    971.000    1.8547    1.8547    1.8547    1.8547   1.000
  1161.000    980.000    2.6567    2.6567    2.6567    2.6567   1.000
  1202.000    993.000    1.6952    1.6952    1.6952    1.6952   1.000
  1211.000    993.000    0.6084    0.6084    0.6084    0.6084   1.000
  1186.000   1004.000    1.8489    1.8489    1.8489    1.8489   1.000
  1189.000   1007.000    2.2261    2.2261    2.2261    2.2261   1.000
  1197.000   1009.000    2.2570    2.2570    2.2570    2.2570   1.000
  1189.000   1010.000    1.4897    1.4897    1.4897    1.4897   1.000
  1185.000   1012.000    1.2513    1.2513    1.2513    1.2513   1.000
  1224.000    965.000    1.1741    1.1741    1.1741    1.1741   1.000
  1244.000    971.000    0.7837    0.7837    0.7837    0.7837   1.000
  1234.000    973.000    2.3740    2.3740    2.3740    2.3740   1.000
  1246.000    977.000    1.1322    1.1322    1.1322    1.1322   1.000
  1226.000    983.000    2.2428    2.2428    2.2428    2.2428   1.000
  1229.000    985.000    2.8036    2.8036    2.8036    2.8036   1.000
  1245.000    987.000    1.0510    1.0510    1.0510    1.0510   1.000
  1226.000    994.000    1.6707    1.6707    1.6707    1.6707   1.000
  1254.000    994.000    2.7342    2.7342    2.7342    2.7342   1.000
  1251.000    997.000    1.6142    1.6142    1.6142    1.6142   1.000
  1243.000   1002.000    0.8208    0.8208    0.8208    0.8208   1.000
  1236.000   1005.000    0.7548    0.7548    0.7548    0.7548   1.000
  1239.000   1007.000    2.5995    2.5995    2.5995    2.5995   1.000
   775.000   1028.000    2.0189    2.0189    2.0189    2.0189   1.000
   813.000   1028.000    0.3715    0.3715    0.3715    0.3715   1.000
   823.000   1028.000    1.2816    1.2816    1.2816    1.2816   1.000
   795.000   1030.000    2.5938    2.5938    2.5938    2.5938   1.000
   797.000   1030.000    2.5347    2.5347    2.5347    2.5347   1.000
   774.000   1033.000    0.9860    0.9860    0.9860    0.9860   1.000
   800.000   1034.000    2.3381    2.3381    2.3381    2.3381   1.000
   785.000   1045.000    0.8646    0.8646    0.8646    0.8646   1.000
   773.000   1050.000    0.6509    0.6509    0.6509    0.6509   1.000
   773.000   1055.000    1.8956    1.8956    1.8956    1.8956   1.000
   772.000   1057.000    2.0325    2.0325    2.0325    2.0325   1.000
   775.000   1061.000    2.4776    2.4776    2.4776    2.4776   1.000
   813.000   1065.000    0.8703    0.8703    0.8703    0.8703   1.000
   792.000   1067.000    1.9728    1.9728    1.9728    1.9728   1.000
   818.000   1068.000    2.1519    2.1519    2.1519    2.1519   1.000
   827.000   1068.000    0.9947    0.9947    0.9947    0.9947   1.000
   776.000   1070.000    1.1000    1.1000    1.1000    1.1000   1.000
   786.000   1080.000    1.5564    1.5564    1.5564    1.5564   1.000
   810.000   1080.000    2.0656    2.0656    2.0656    2.0656   1.000
   848.000   1028.000   -0.0577   -0.0577   -0.0577   -0.0577   1.000
   850.000   1043.000    1.3728    1.3728    1.3728    1.3728   1.000
   861.000   1052.000    1.5757    1.5757    1.5757    1.5757   1.000
   844.000   1053.000    2.4470    2.4470    2.4470    2.4470   1.000
   856.000   1058.000    2.9001    2.9001    2.9001    2.9001   1.000
   841.000   1059.000    1.5123    1.5123    1.5123    1.5123   1.000
   849.000   1063.000    2.4413    2.4413    2.4413    2.4413   1.000
   839.000   1064.000    1.6892    1.6892    1.6892    1.6892   1.000
   890.000   1071.000    1.5596    1.5596    1.5596    1.5596   1.000
   836.000   1076.000    1.9348    1.9348    1.9348    1.9348   1.000
   841.000   1083.000    2.5527    2.5527    2.5527    2.5527   1.000
   952.000   1029.000    1.2072    1.2072    1.2072    1.2072   1.000
   947.000   1031.000    2.2620    2.2620    2.2620    2.2620   1.000
   938.000   1039.000    1.1512    1.1512    1.1512    1.1512   1.000
   929.000   1045.000    1.4585    1.4585    1.4585    1.4585   1.000
   914.000   1049.000    2.6972    2.6972    2.6972    2.6972   1.000
   912.000   1050.000    2.4606    2.4606    2.4606    2.4606   1.000
   925.000   1055.000    1.4387    1.4387    1.4387    1.4387   1.000
   936.000   1056.000    1.1633    1.1633    1.1633    1.1633   1.000
   944.000   1066.000    2.2524    2.2524    2.2524    2.2524   1.000
   955.000   1068.000    2.3451    2.3451    2.3451    2.3451   1.000
   924.000   1070.000    1.8708    1.8708    1.8708    1.8708   1.000
   911.000   1080.000    3.1438    3.1438    3.1438    3.1438   1.000
   990.000   1038.000    2.2269    2.2269    2.2269    2.2269   1.000
  1017.000   1040.000    2.3573    2.3573    2.3573    2.3573   1.000
   997.000   1060.000    1.8755    1.8755    1.8755    1.8755   1.000
  1019.000   1067.000    1.0549    1.0549    1.0549    1.0549   1.000
   980.000   1080.000    0.9698    0.9698    0.9698    0.9698   1.000
  1004.000   1081.000    0.3835    0.3835    0.3835    0.3835   1.000
  1037.000   1029.000    1.4310    1.4310    1.4310    1.4310   1.000
  1057.000   1038.000    2.1092    2.1092    2.1092    2.1092   1.000
  1071.000   1039.000    1.9751    1.9751    1.9751    1.9751   1.000
  1048.000   1042.000    2.0263    2.0263    2.0263    2.0263   1.000
  1052.000   1052.000    1.6626    1.6626    1.6626    1.6626   1.000
  1055.000   1062.000    1.0582    1.0582    1.0582    1.0582   1.000
  1081.000   1064.000    1.9681    1.9681    1.9681    1.9681   1.000
  1045.000   1068.000    0.7379    0.7379    0.7379    0.7379   1.000
  1060.000   1071.000    2.3654    2.3654    2.3654    2.3654   1.000
  1035.000   1074.000    0.7563    0.7563    0.7563    0.7563   1.000
  1032.000   1075.000    0.5725    0.5725    0.5725    0.5725   1.000
  1045.000   1075.000    0.6553    0.6553    0.6553    0.6553   1.000
  1070.000   1078.000    2.7513    2.7513    2.7513    2.7513   1.000
  1030.000   1080.000    0.7976    0.7976    0.7976    0.7976   1.000
  1082.000   1083.000    0.8644    0.8644    0.8644    0.8644   1.000
  1145.000   1029.000    1.9403    1.9403    1.9403    1.9403   1.000
  1143.000   1035.000    0.5719    0.5719    0.5719    0.5719   1.000
  1123.000   1036.000    0.7390    0.7390    0.7390    0.7390   1.000
  1092.000   1039.000    1.4840    1.4840    1.4840    1.4840   1.000
  1113.000   1044.000    1.9941    1.9941    1.9941    1.9941   1.000
  1121.000   1047.000    2.5584    2.5584    2.5584    2.5584   1.000
  1103.000   1051.000    0.8576    0.8576    0.8576    0.8576   1.000
  1128.000   1051.000    2.4406    2.4406    2.4406    2.4406   1.000
  1128.000   1055.000    0.7809    0.7809    0.7809    0.7809   1.000
  1101.000   1060.000    1.1529    1.1529    1.1529    1.1529   1.000
  1115.000   1062.000    1.9665    1.9665    1.9665    1.9665   1.000
  1114.000   1067.000    2.2811    2.2811    2.2811    2.2811   1.000
  1096.000   1076.000    2.7401    2.7401    2.7401    2.7401   1.000
  1109.000   1078.000    2.7897    2.7897    2.7897    2.7897   1.000
  1129.000   1080.000    0.2897    0.2897    0.2897    0.2897   1.000
  1110.000   1081.000    2.3712    2.3712    2.3712    2.3712   1.000
  1209.000   1040.000    1.6402    1.6402    1.6402    1.6402   1.000
  1204.000   1042.000    2.5912    2.5912    2.5912    2.5912   1.000
  1165.000   1049.000    2.3195    2.3195    2.3195    2.3195   1.000
  1210.000   1051.000    0.6884    0.6884    0.6884    0.6884   1.000
  1162.000   1053.000    1.2678    1.2678    1.2678    1.2678   1.000
  1161.000   1059.000    2.8296    2.8296    2.8296    2.8296   1.000
  1172.000   1062.000    1.8880    1.8880    1.8880    1.8880   1.000
  1185.000   1063.000    1.0142    1.0142    1.0142    1.0142   1.000
  1175.000   1070.000    2.3846    2.3846    2.3846    2.3846   1.000
  1232.000   1029.000    2.5245    2.5245    2.5245    2.5245   1.000
  1270.000   1043.000    2.4759    2.4759    2.4759    2.4759   1.000
  1231.000   1045.000    0.8965    0.8965    0.8965    0.8965   1.000
  1225.000   1046.000    0.5020    0.5020    0.5020    0.5020   1.000
  1249.000   1052.000    2.2324    2.2324    2.2324    2.2324   1.000
  1222.000   1053.000    1.9909    1.9909    1.9909    1.9909   1.000
  1263.000   1073.000    1.8471    1.8471    1.8471    1.8471   1.000
  1275.000   1076.000    3.0198    3.0198    3.0198    3.0198   1.000
  1265.000   1077.000    1.7215    1.7215    1.7215    1.7215   1.000
  1239.000   1079.000    2.2226    2.2226    2.2226    2.2226   1.000
  1237.000   1080.000    2.1451    2.1451    2.1451    2.1451   1.000
   811.000   1100.000    0.8474    0.8474    0.8474    0.8474   1.000
   826.000   1108.000    2.4676    2.4676    2.4676    2.4676   1.000
   803.000   1112.000    2.3515    2.3515    2.3515    2.3515   1.000
   826.000   1112.000    1.1363    1.1363    1.1363    1.1363   1.000
   802.000   1114.000    2.4701    2.4701    2.4701    2.4701   1.000
   820.000   1114.000    1.9438    1.9438    1.9438    1.9438   1.000
   802.000   1116.000    2.6178    2.6178    2.6178    2.6178   1.000
   808.000   1117.000    1.3499    1.3499    1.3499    1.3499   1.000
   777.000   1122.000    1.9704    1.9704    1.9704    1.9704   1.000
   781.000   1125.000    2.4864    2.4864    2.4864    2.4864   1.000
   785.000   1126.000    2.2581    2.2581    2.2581    2.2581   1.000
   781.000   1128.000    2.5757    2.5757    2.5757    2.5757   1.000
   827.000   1130.000    1.3181    1.3181    1.3181    1.3181   1.000
   786.000   1143.000    1.3855    1.3855    1.3855    1.3855   1.000
   856.000   1102.000    1.2659    1.2659    1.2659    1.2659   1.000
   858.000   1108.000    2.2507    2.2507    2.2507    2.2507   1.000
   858.000   1112.000    1.4363    1.4363    1.4363    1.4363   1.000
   865.000   1112.000    2.3589    2.3589    2.3589    2.3589   1.000
   865.000   1114.000    2.6519    2.6519    2.6519    2.6519   1.000
   844.000   1115.000    2.2315    2.2315    2.2315    2.2315   1.000
   869.000   1137.000    1.2403    1.2403    1.2403    1.2403   1.000
   843.000   1140.000    2.1589    2.1589    2.1589    2.1589   1.000
   867.000   1142.000    1.4154    1.4154    1.4154    1.4154   1.000
   878.000   1145.000    2.0757    2.0757    2.0757    2.0757   1.000
   863.000   1146.000    2.8378    2.8378    2.8378    2.8378   1.000
   876.000   1146.000    2.4612    2.4612    2.4612    2.4612   1.000
   940.000   1101.000    0.7527    0.7527    0.7527    0.7527   1.000
   934.000   1114.000    3.0644    3.0644    3.0644    3.0644   1.000
   901.000   1119.000    1.4824    1.4824    1.4824    1.4824   1.000
   945.000   1124.000    2.4138    2.4138    2.4138    2.4138   1.000
   955.000   1129.000    1.2144    1.2144    1.2144    1.2144   1.000
   945.000   1134.000    1.1536    1.1536    1.1536    1.1536   1.000
   948.000   1134.000    2.0745    2.0745    2.0745    2.0745   1.000
   909.000   1137.000    2.2087    2.2087    2.2087    2.2087   1.000
   949.000   1139.000    2.3098    2.3098    2.3098    2.3098   1.000
   947.000   1140.000    2.3744    2.3744    2.3744    2.3744   1.000
   952.000   1141.000    1.1596    1.1596    1.1596    1.1596   1.000
   953.000   1143.000    1.3475    1.3475    1.3475    1.3475   1.000
   926.000   1144.000    2.8169    2.8169    2.8169    2.8169   1.000
  1004.000   1096.000    1.7874    1.7874    1.7874    1.7874   1.000
   992.000   1097.000    1.5381    1.5381    1.5381    1.5381   1.000
   995.000   1107.000    2.1715    2.1715    2.1715    2.1715   1.000
  1018.000   1107.000    1.5050    1.5050    1.5050    1.5050   1.000
   980.000   1108.000    1.3211    1.3211    1.3211    1.3211   1.000
  1007.000   1108.000    2.3572    2.3572    2.3572    2.3572   1.000
  1007.000   1112.000    0.7401    0.7401    0.7401    0.7401   1.000
  1018.000   1113.000    1.2265    1.2265    1.2265    1.2265   1.000
   988.000   1117.000    1.4238    1.4238    1.4238    1.4238   1.000
  1005.000   1122.000    0.9466    0.9466    0.9466    0.9466   1.000
   989.000   1125.000    2.2237    2.2237    2.2237    2.2237   1.000
  1009.000   1125.000    2.8429    2.8429    2.8429    2.8429   1.000
   979.000   1132.000    2.5342    2.5342    2.5342    2.5342   1.000
  1011.000   1132.000    2.0314    2.0314    2.0314    2.0314   1.000
  1071.000   1093.000    1.3456    1.3456    1.3456    1.3456   1.000
  1070.000   1102.000    1.5017    1.5017    1.5017    1.5017   1.000
  1083.000   1107.000    2.2627    2.2627    2.2627    2.2627   1.000
  1059.000   1109.000    2.0904    2.0904    2.0904    2.0904   1.000
  1029.000   1110.000    0.8245    0.8245    0.8245    0.8245   1.000
  1072.000   1115.000    2.2129    2.2129    2.2129    2.2129   1.000
  1055.000   1119.000    0.7250    0.7250    0.7250    0.7250   1.000
  1071.000   1121.000    1.8413    1.8413    1.8413    1.8413   1.000
  1029.000   1128.000    2.5429    2.5429    2.5429    2.5429   1.000
  1029.000   1132.000    0.8219    0.8219    0.8219    0.8219   1.000
  1060.000   1136.000    2.4382    2.4382    2.4382    2.4382   1.000
  1061.000   1138.000    2.3900    2.3900    2.3900    2.3900   1.000
  1056.000   1143.000    1.4977    1.4977    1.4977    1.4977   1.000
  1109.000   1092.000    2.6841    2.6841    2.6841    2.6841   1.000
  1141.000   1097.000    2.5450    2.5450    2.5450    2.5450   1.000
  1139.000   1098.000    2.7194    2.7194    2.7194    2.7194   1.000
  1145.000   1101.000    1.0232    1.0232    1.0232    1.0232   1.000
  1134.000   1104.000    0.5562    0.5562    0.5562    0.5562   1.000
  1109.000   1106.000    1.9160    1.9160    1.9160    1.9160   1.000
  1097.000   1114.000    1.2455    1.2455    1.2455    1.2455   1.000
  1138.000   1130.000    1.3142    1.3142    1.3142    1.3142   1.000
  1138.000   1140.000    1.8385    1.8385    1.8385    1.8385   1.000
  1144.000   1147.000    0.7095    0.7095    0.7095    0.7095   1.000
  1189.000   1096.000    1.0739    1.0739    1.0739    1.0739   1.000
  1158.000   1112.000    1.8088    1.8088    1.8088    1.8088   1.000
  1157.000   1120.000    1.0347    1.0347    1.0347    1.0347   1.000
  1181.000   1121.000    2.7312    2.7312    2.7312    2.7312   1.000
  1167.000   1122.000    2.4968    2.4968    2.4968    2.4968   1.000
  1188.000   1123.000    2.7669    2.7669    2.7669    2.7669   1.000
  1158.000   1125.000    2.4184    2.4184    2.4184    2.4184   1.000
  1204.000   1127.000    1.4646    1.4646    1.4646    1.4646   1.000
  1184.000   1138.000    2.2288    2.2288    2.2288    2.2288   1.000
  1168.000   1144.000    2.1367    2.1367    2.1367    2.1367   1.000
  1174.000   1144.000    1.6378    1.6378    1.6378    1.6378   1.000
  1268.000   1110.000    2.0255    2.0255    2.0255    2.0255   1.000
  1221.000   1117.000    2.4787    2.4787    2.4787    2.4787   1.000
  1259.000   1121.000    2.4791    2.4791    2.4791    2.4791   1.000
  1259.000   1138.000    2.3722    2.3722    2.3722    2.3722   1.000
  1239.000   1145.000    2.2418    2.2418    2.2418    2.2418   1.000
   814.000   1156.000    1.3555    1.3555    1.3555    1.3555   1.000
   776.000   1158.000    2.3102    2.3102    2.3102    2.3102   1.000
   787.000   1160.000    1.3412    1.3412    1.3412    1.3412   1.000
   814.000   1160.000    2.4975    2.4975    2.4975    2.4975   1.000
   812.000   1162.000    2.6725    2.6725    2.6725    2.6725   1.000
   797.000   1164.000    2.6046    2.6046    2.6046    2.6046   1.000
   781.000   1165.000    1.8139    1.8139    1.8139    1.8139   1.000
   820.000   1168.000    1.3416    1.3416    1.3416    1.3416   1.000
   777.000   1170.000    2.6741    2.6741    2.6741    2.6741   1.000
   808.000   1170.000    2.0595    2.0595    2.0595    2.0595   1.000
   794.000   1178.000    1.6582    1.6582    1.6582    1.6582   1.000
   796.000   1184.000    1.9703    1.9703    1.9703    1.9703   1.000
   798.000   1184.000    2.3686    2.3686    2.3686    2.3686   1.000
   825.000   1184.000    2.2760    2.2760    2.2760    2.2760   1.000
   777.000   1186.000    1.2433    1.2433    1.2433    1.2433   1.000
   781.000   1186.000    0.8467    0.8467    0.8467    0.8467   1.000
   818.000   1187.000    0.9588    0.9588    0.9588    0.9588   1.000
   773.000   1190.000    1.4199    1.4199    1.4199    1.4199   1.000
   798.000   1206.000    0.8341    0.8341    0.8341    0.8341   1.000
   815.000   1211.000    2.6704    2.6704    2.6704    2.6704   1.000
   863.000   1168.000    2.0839    2.0839    2.0839    2.0839   1.000
   862.000   1170.000    2.0032    2.0032    2.0032    2.0032   1.000
   853.000   1171.000    1.2415    1.2415    1.2415    1.2415   1.000
   865.000   1176.000    1.7019    1.7019    1.7019    1.7019   1.000
   846.000   1179.000    1.9252    1.9252    1.9252    1.9252   1.000
   865.000   1179.000    1.7140    1.7140    1.7140    1.7140   1.000
   873.000   1184.000    1.9852    1.9852    1.9852    1.9852   1.000
   864.000   1187.000    1.6274    1.6274    1.6274    1.6274   1.000
   851.000   1188.000    2.5521    2.5521    2.5521    2.5521   1.000
   887.000   1191.000    1.9365    1.9365    1.9365    1.9365   1.000
   883.000   1197.000    2.1582    2.1582    2.1582    2.1582   1.000
   879.000   1202.000    2.1782    2.1782    2.1782    2.1782   1.000
   883.000   1202.000   -0.2458   -0.2458   -0.2458   -0.2458   1.000
   891.000   1208.000    2.4661    2.4661    2.4661    2.4661   1.000
   849.000   1211.000    1.4543    1.4543    1.4543    1.4543   1.000
   913.000   1163.000    1.8478    1.8478    1.8478    1.8478   1.000
   939.000   1166.000    0.7582    0.7582    0.7582    0.7582   1.000
   909.000   1168.000    1.1029    1.1029    1.1029    1.1029   1.000
   911.000   1171.000    0.4281    0.4281    0.4281    0.4281   1.000
   901.000   1173.000    0.9777    0.9777    0.9777    0.9777   1.000
   907.000   1173.000    2.0587    2.0587    2.0587    2.0587   1.000
   905.000   1197.000    0.9494    0.9494    0.9494    0.9494   1.000
   917.000   1206.000    1.7871    1.7871    1.7871    1.7871   1.000
   967.000   1169.000    1.4933    1.4933    1.4933    1.4933   1.000
   998.000   1170.000    2.2720    2.2720    2.2720    2.2720   1.000
   978.000   1174.000    1.0341    1.0341    1.0341    1.0341   1.000
  1014.000   1178.000    2.3403    2.3403    2.3403    2.3403   1.000
   989.000   1184.000    0.6565    0.6565    0.6565    0.6565   1.000
   969.000   1191.000    0.7730    0.7730    0.7730    0.7730   1.000
  1055.000   1158.000    0.9799    0.9799    0.9799    0.9799   1.000
  1062.000   1161.000    2.5746    2.5746    2.5746    2.5746   1.000
  1044.000   1164.000    1.3893    1.3893    1.3893    1.3893   1.000
  1051.000   1176.000    0.8078    0.8078    0.8078    0.8078   1.000
  1068.000   1179.000    2.2881    2.2881    2.2881    2.2881   1.000
  1050.000   1180.000    0.8365    0.8365    0.8365    0.8365   1.000
  1031.000   1181.000    1.2442    1.2442    1.2442    1.2442   1.000
  1031.000   1187.000    2.7275    2.7275    2.7275    2.7275   1.000
  1048.000   1192.000    0.7771    0.7771    0.7771    0.7771   1.000
  1044.000   1200.000    2.3628    2.3628    2.3628    2.3628   1.000
  1072.000   1206.000    1.1573    1.1573    1.1573    1.1573   1.000
  1076.000   1207.000    2.5288    2.5288    2.5288    2.5288   1.000
  1075.000   1209.000    2.4699    2.4699    2.4699    2.4699   1.000
  1083.000   1210.000    2.7670    2.7670    2.7670    2.7670   1.000
  1138.000   1156.000    2.3867    2.3867    2.3867    2.3867   1.000
  1130.000   1158.000    1.8291    1.8291    1.8291    1.8291   1.000
  1132.000   1158.000    1.6923    1.6923    1.6923    1.6923   1.000
  1134.000   1158.000    1.8262    1.8262    1.8262    1.8262   1.000
  1137.000   1158.000    2.3213    2.3213    2.3213    2.3213   1.000
  1132.000   1160.000    1.6996    1.6996    1.6996    1.6996   1.000
  1128.000   1162.000   -0.0627   -0.0627   -0.0627   -0.0627   1.000
  1099.000   1175.000    1.7489    1.7489    1.7489    1.7489   1.000
  1104.000   1178.000    2.7152    2.7152    2.7152    2.7152   1.000
  1111.000   1178.000    0.8557    0.8557    0.8557    0.8557   1.000
  1132.000   1182.000    2.6723    2.6723    2.6723    2.6723   1.000
  1136.000   1182.000    2.6779    2.6779    2.6779    2.6779   1.000
  1117.000   1183.000    0.6972    0.6972    0.6972    0.6972   1.000
  1138.000   1186.000    3.4301    3.4301    3.4301    3.4301   1.000
  1105.000   1189.000    2.5573    2.5573    2.5573    2.5573   1.000
  1140.000   1192.000    2.1138    2.1138    2.1138    2.1138   1.000
  1135.000   1195.000    2.3705    2.3705    2.3705    2.3705   1.000
  1138.000   1196.000    1.5934    1.5934    1.5934    1.5934   1.000
  1135.000   1204.000    1.7239    1.7239    1.7239    1.7239   1.000
  1178.000   1159.000    2.3305    2.3305    2.3305    2.3305   1.000
  1173.000   1167.000    0.5167    0.5167    0.5167    0.5167   1.000
  1175.000   1173.000    2.9255    2.9255    2.9255    2.9255   1.000
  1179.000   1174.000    0.8421    0.8421    0.8421    0.8421   1.000
  1196.000   1175.000    0.4195    0.4195    0.4195    0.4195   1.000
  1167.000   1176.000    1.5744    1.5744    1.5744    1.5744   1.000
  1180.000   1179.000    1.3167    1.3167    1.3167    1.3167   1.000
  1209.000   1179.000    2.4558    2.4558    2.4558    2.4558   1.000
  1198.000   1186.000    1.1541    1.1541    1.1541    1.1541   1.000
  1183.000   1191.000    0.7716    0.7716    0.7716    0.7716   1.000
  1158.000   1196.000    0.7243    0.7243    0.7243    0.7243   1.000
  1209.000   1196.000    1.8617    1.8617    1.8617    1.8617   1.000
  1167.000   1197.000    1.0837    1.0837    1.0837    1.0837   1.000
  1171.000   1200.000    1.4641    1.4641    1.4641    1.4641   1.000
  1169.000   1204.000    0.7653    0.7653    0.7653    0.7653   1.000
  1222.000   1156.000    1.8205    1.8205    1.8205    1.8205   1.000
  1261.000   1160.000    2.7859    2.7859    2.7859    2.7859   1.000
  1234.000   1168.000    1.9223    1.9223    1.9223    1.9223   1.000
  1243.000   1170.000    1.9339    1.9339    1.9339    1.9339   1.000
  1239.000   1172.000    1.1541    1.1541    1.1541    1.1541   1.000
  1244.000   1174.000    2.3335    2.3335    2.3335    2.3335   1.000
  1225.000   1180.000    2.5148    2.5148    2.5148    2.5148   1.000
  1264.000   1180.000    3.4729    3.4729    3.4729    3.4729   1.000
  1245.000   1188.000    3.3494    3.3494    3.3494    3.3494   1.000
  1259.000   1196.000    2.0541    2.0541    2.0541    2.0541   1.000
  1228.000   1204.000    1.5902    1.5902    1.5902    1.5902   1.000
   785.000   1232.000    0.8295    0.8295    0.8295    0.8295   1.000
   782.000   1237.000    1.3416    1.3416    1.3416    1.3416   1.000
   774.000   1238.000    1.8401    1.8401    1.8401    1.8401   1.000
   786.000   1243.000    0.9406    0.9406    0.9406    0.9406   1.000
   773.000   1246.000    2.3924    2.3924    2.3924    2.3924   1.000
   780.000   1246.000    1.0034    1.0034    1.0034    1.0034   1.000
   807.000   1246.000    1.0814    1.0814    1.0814    1.0814   1.000
   823.000   1256.000    1.9168    1.9168    1.9168    1.9168   1.000
   772.000   1266.000    1.0984    1.0984    1.0984    1.0984   1.000
   817.000   1275.000    2.2253    2.2253    2.2253    2.2253   1.000
   884.000   1224.000    2.3078    2.3078    2.3078    2.3078   1.000
   851.000   1236.000    2.1957    2.1957    2.1957    2.1957   1.000
   845.000   1239.000    0.2782    0.2782    0.2782    0.2782   1.000
   859.000   1241.000    2.5991    2.5991    2.5991    2.5991   1.000
   862.000   1245.000    1.2418    1.2418    1.2418    1.2418   1.000
   891.000   1252.000    2.5933    2.5933    2.5933    2.5933   1.000
   863.000   1264.000    2.1963    2.1963    2.1963    2.1963   1.000
   884.000   1264.000    1.6744    1.6744    1.6744    1.6744   1.000
   848.000   1266.000    1.8834    1.8834    1.8834    1.8834   1.000
   872.000   1272.000    1.0506    1.0506    1.0506    1.0506   1.000
   889.000   1275.000    3.4824    3.4824    3.4824    3.4824   1.000
   937.000   1220.000    1.4070    1.4070    1.4070    1.4070   1.000
   902.000   1222.000    2.3491    2.3491    2.3491    2.3491   1.000
   915.000   1222.000    2.4919    2.4919    2.4919    2.4919   1.000
   903.000   1229.000    1.2133    1.2133    1.2133    1.2133   1.000
   946.000   1244.000    1.3688    1.3688    1.3688    1.3688   1.000
   901.000   1248.000    1.9330    1.9330    1.9330    1.9330   1.000
   946.000   1248.000    2.2832    2.2832    2.2832    2.2832   1.000
   933.000   1252.000    0.9776    0.9776    0.9776    0.9776   1.000
   900.000   1253.000   -0.5780   -0.5780   -0.5780   -0.5780   1.000
   907.000   1253.000    2.9762    2.9762    2.9762    2.9762   1.000
   900.000   1258.000    1.8369    1.8369    1.8369    1.8369   1.000
   905.000   1258.000    0.8189    0.8189    0.8189    0.8189   1.000
   945.000   1260.000   -0.0309   -0.0309   -0.0309   -0.0309   1.000
   916.000   1263.000    2.5516    2.5516    2.5516    2.5516   1.000
   900.000   1267.000    1.3014    1.3014    1.3014    1.3014   1.000
   909.000   1267.000    2.9283    2.9283    2.9283    2.9283   1.000
   914.000   1268.000    0.7648    0.7648    0.7648    0.7648   1.000
   935.000   1273.000    0.8035    0.8035    0.8035    0.8035   1.000
  1003.000   1222.000    0.1202    0.1202    0.1202    0.1202   1.000
  1000.000   1231.000    0.6845    0.6845    0.6845    0.6845   1.000
   975.000   1242.000    1.8313    1.8313    1.8313    1.8313   1.000
   969.000   1245.000    2.2653    2.2653    2.2653    2.2653   1.000
   970.000   1247.000    2.5474    2.5474    2.5474    2.5474   1.000
   992.000   1257.000    2.5854    2.5854    2.5854    2.5854   1.000
  1018.000   1258.000    2.5723    2.5723    2.5723    2.5723   1.000
  1010.000   1269.000    1.3707    1.3707    1.3707    1.3707   1.000
  1013.000   1271.000    2.3523    2.3523    2.3523    2.3523   1.000
  1046.000   1221.000    0.5354    0.5354    0.5354    0.5354   1.000
  1051.000   1225.000    1.5444    1.5444    1.5444    1.5444   1.000
  1059.000   1233.000    1.1619    1.1619    1.1619    1.1619   1.000
  1075.000   1242.000    2.2227    2.2227    2.2227    2.2227   1.000
  1043.000   1246.000    2.3748    2.3748    2.3748    2.3748   1.000
  1070.000   1250.000    2.1593    2.1593    2.1593    2.1593   1.000
  1083.000   1258.000    2.3748    2.3748    2.3748    2.3748   1.000
  1036.000   1261.000    2.4834    2.4834    2.4834    2.4834   1.000
  1032.000   1262.000    2.3611    2.3611    2.3611    2.3611   1.000
  1063.000   1265.000    0.5901    0.5901    0.5901    0.5901   1.000
  1070.000   1271.000    1.1904    1.1904    1.1904    1.1904   1.000
  1078.000   1272.000    0.9946    0.9946    0.9946    0.9946   1.000
  1049.000   1275.000    2.7235    2.7235    2.7235    2.7235   1.000
  1119.000   1223.000    1.6041    1.6041    1.6041    1.6041   1.000
  1130.000   1225.000    1.9405    1.9405    1.9405    1.9405   1.000
  1130.000   1241.000    2.0942    2.0942    2.0942    2.0942   1.000
  1127.000   1243.000    1.9914    1.9914    1.9914    1.9914   1.000
  1129.000   1250.000    1.5567    1.5567    1.5567    1.5567   1.000
  1127.000   1253.000    1.9413    1.9413    1.9413    1.9413   1.000
  1125.000   1255.000    2.2659    2.2659    2.2659    2.2659   1.000
  1102.000   1259.000    0.9635    0.9635    0.9635    0.9635   1.000
  1122.000   1259.000    1.3134    1.3134    1.3134    1.3134   1.000
  1092.000   1260.000    2.1689    2.1689    2.1689    2.1689   1.000
  1181.000   1231.000    0.9575    0.9575    0.9575    0.9575   1.000
  1185.000   1232.000    0.8013    0.8013    0.8013    0.8013   1.000
  1167.000   1234.000    2.6810    2.6810    2.6810    2.6810   1.000
  1208.000   1236.000    2.3855    2.3855    2.3855    2.3855   1.000
  1163.000   1237.000    2.4611    2.4611    2.4611    2.4611   1.000
  1200.000   1240.000    2.3331    2.3331    2.3331    2.3331   1.000
  1158.000   1246.000    2.0197    2.0197    2.0197    2.0197   1.000
  1186.000   1248.000    3.0096    3.0096    3.0096    3.0096   1.000
  1265.000   1235.000    1.6158    1.6158    1.6158    1.6158   1.000
  1252.000   1241.000    2.3654    2.3654    2.3654    2.3654   1.000
  1247.000   1248.000    1.4175    1.4175    1.4175    1.4175   1.000
  1227.000   1250.000    2.4950    2.4950    2.4950    2.4950   1.000
  1229.000   1250.000    2.4280    2.4280    2.4280    2.4280   1.000
  1239.000   1254.000    2.6252    2.6252    2.6252    2.6252   1.000
  1236.000   1267.000    2.6571    2.6571    2.6571    2.6571   1.000
  1231.000   1269.000    1.7049    1.7049    1.7049    1.7049   1.000
